N|0|-1|0|FRAME|Play|0|0|1600|980|0b0b0c:1|ffffff:0.09|1:I|20|1|1|0
N|1|0|1|TEXT|VOID|74|25|45|19|edeeef:1|||0|1|0|0
T|1|L|T|"VOID"|0,4,Medium,15,2.4,0,edeeef:1,O
N|2|0|1|RECTANGLE|search|1112|15|300|34|131315:1|ffffff:0.1|1:I|11|1|0|0
N|3|0|1|TEXT|Search VOID|1134|25|75|16|626569:1|||0|1|0|0
T|3|L|T|"Search VOID"|0,11,Light,13,0,0,626569:1,O
N|4|0|1|TEXT|CTRL K|1361|27|31|10|626569:1|||0|1|0|0
T|4|L|T|"CTRL K"|0,6,Medium,8,0.8,0,626569:1,O
N|5|0|1|RECTANGLE|stage|32|80|1536|768|131315:1|ffffff:0.07|1:I|18|1|0|0
N|6|0|1|RECTANGLE|chip|64|112|300|30|0b0b0c:0.72|ffffff:0.1|1:I|10|1|0|0
N|7|0|1|TEXT|VOID PVP  ·  1.8.9|98|121|198|12|9a9da1:1|||0|1|0|0
T|7|L|T|"VOID PVP  ·  1.8.9  ·  HYPIXEL-READY"|0,36,Medium,9.5,1.24,0,9a9da1:1,O
N|8|0|1|TEXT|ACTIVE LOADOUT|66|540|106|13|626569:1|||0|1|0|0
T|8|L|T|"ACTIVE LOADOUT"|0,14,Medium,10,1.6,0,626569:1,O
N|9|0|1|TEXT|Sword PvP|62|566|397|111|edeeef:1|||0|1|0|0
T|9|L|T|"Sword PvP"|0,9,Regular,88,-2.64,0,edeeef:1,O
N|10|0|1|TEXT|24 mods on   ·   1|66|684|305|19|9a9da1:1|||0|1|0|0
T|10|L|T|"24 mods on   ·   142 fps avg   ·   12 ms to Hypixel"|0,51,Light,15,0.15,0,9a9da1:1,O
N|11|0|1|RECTANGLE|dock|374|800|852|92|191a1c:1|ffffff:0.12|1:I|18|1|0|0
N|12|0|1|TEXT|LOADOUT|394|824|48|11|626569:1|||0|1|0|0
T|12|L|T|"LOADOUT"|0,7,Medium,8.5,1.19,0,626569:1,O
N|13|0|1|TEXT|Sword PvP|394|844|72|19|edeeef:1|||0|1|0|0
T|13|L|T|"Sword PvP"|0,9,Medium,15,0,0,edeeef:1,O
N|14|0|1|TEXT|VERSION|586|824|43|11|626569:1|||0|1|0|0
T|14|L|T|"VERSION"|0,7,Medium,8.5,1.19,0,626569:1,O
N|15|0|1|TEXT|1.8.9|586|844|30|19|edeeef:1|||0|1|0|0
T|15|L|T|"1.8.9"|0,5,Medium,15,0,0,edeeef:1,O
N|16|0|1|RECTANGLE|fav|978|829|34|34|212225:1|191a1c:1|2:I|11|1|0|0
N|17|0|1|RECTANGLE|fav|1004|829|34|34|212225:1|191a1c:1|2:I|11|1|0|0
N|18|0|1|RECTANGLE|fav|1030|829|34|34|212225:1|191a1c:1|2:I|11|1|0|0
N|19|0|1|TEXT|3 ONLINE|1098|840|51|12|626569:1|||0|1|0|0
T|19|L|T|"3 ONLINE"|0,8,Medium,9.5,1.24,0,626569:1,O
N|20|0|1|RECTANGLE|set|1162|824|44|44|ffffff:0.05|ffffff:0.1|1:I|13|1|0|0
N|21|0|1|TEXT|ENTER LAUNCHES  · |32|922|285|11|626569:0.5|||0|1|0|0
T|21|L|T|"ENTER LAUNCHES  ·  CTRL K SEARCH  ·  CTRL , SETTINGS"|0,52,Medium,9,1.08,0,626569:0.5,O
N|22|0|1|FRAME|chev / loadout|518|850|15|9||||0|1|0|0
N|23|0|1|FRAME|chev / version|654|850|15|9||||0|1|0|0
N|24|0|1|FRAME|dropdown / loadout|382|594|268|192|191a1c:1|ffffff:0.13|1:I|16|0|1|0
N|25|24|2|TEXT|SWITCH LOADOUT|398|606|95|11|626569:1|||0|1|0|0
T|25|L|T|"SWITCH LOADOUT"|0,14,Medium,9,1.26,0,626569:1,O
N|26|24|2|FRAME|row / Sword PvP|390|628|252|36|212225:1|||10|1|0|0
N|27|26|3|TEXT|Sword PvP|402|637|67|18|edeeef:1|||0|1|0|0
T|27|L|T|"Sword PvP"|0,9,Medium,14,0,0,edeeef:1,O
N|28|26|3|TEXT|24 MODS|584|641|46|11|626569:1|||0|1|0|0
T|28|L|T|"24 MODS"|0,7,Medium,9,1.17,0,626569:1,O
N|29|24|2|RECTANGLE|hover / loadout|390|666|252|36|ffffff:0.06|||10|0|0|0
N|30|24|2|FRAME|row / Bedwars|390|666|252|36|0b0b0c:0|||10|1|0|0
N|31|30|3|TEXT|Bedwars|402|675|55|18|9a9da1:1|||0|1|0|0
T|31|L|T|"Bedwars"|0,7,Medium,14,0,0,9a9da1:1,O
N|32|30|3|TEXT|12 MODS|586|679|44|11|626569:1|||0|1|0|0
T|32|L|T|"12 MODS"|0,7,Medium,9,1.17,0,626569:1,O
N|33|24|2|FRAME|row / Crystal PvP|390|704|252|36|0b0b0c:0|||10|1|0|0
N|34|33|3|TEXT|Crystal PvP|402|713|72|18|9a9da1:1|||0|1|0|0
T|34|L|T|"Crystal PvP"|0,11,Medium,14,0,0,9a9da1:1,O
N|35|33|3|TEXT|31 MODS|586|717|44|11|626569:1|||0|1|0|0
T|35|L|T|"31 MODS"|0,7,Medium,9,1.17,0,626569:1,O
N|36|24|2|FRAME|row / Sword Practice|390|742|252|36|0b0b0c:0|||10|1|0|0
N|37|36|3|TEXT|Sword Practice|402|751|94|18|9a9da1:1|||0|1|0|0
T|37|L|T|"Sword Practice"|0,14,Medium,14,0,0,9a9da1:1,O
N|38|36|3|TEXT|8 MODS|591|755|39|11|626569:1|||0|1|0|0
T|38|L|T|"8 MODS"|0,6,Medium,9,1.17,0,626569:1,O
N|39|0|1|FRAME|dropdown / version|574|632|214|154|191a1c:1|ffffff:0.13|1:I|16|0|1|0
N|40|39|2|TEXT|VERSION|590|644|46|11|626569:1|||0|1|0|0
T|40|L|T|"VERSION"|0,7,Medium,9,1.26,0,626569:1,O
N|41|39|2|FRAME|row / 1.8.9|582|666|198|36|212225:1|||10|1|0|0
N|42|41|3|TEXT|1.8.9|594|675|28|18|edeeef:1|||0|1|0|0
T|42|L|T|"1.8.9"|0,5,Medium,14,0,0,edeeef:1,O
N|43|41|3|TEXT|FABRIC|731|679|37|11|626569:1|||0|1|0|0
T|43|L|T|"FABRIC"|0,6,Medium,9,1.17,0,626569:1,O
N|44|39|2|RECTANGLE|hover / version|582|704|198|36|ffffff:0.06|||10|0|0|0
N|45|39|2|FRAME|row / 1.16.5|582|704|198|36|0b0b0c:0|||10|1|0|0
N|46|45|3|TEXT|1.16.5|594|713|33|18|9a9da1:1|||0|1|0|0
T|46|L|T|"1.16.5"|0,6,Medium,14,0,0,9a9da1:1,O
N|47|45|3|TEXT|FABRIC|731|717|37|11|626569:1|||0|1|0|0
T|47|L|T|"FABRIC"|0,6,Medium,9,1.17,0,626569:1,O
N|48|39|2|FRAME|row / 1.21.1|582|742|198|36|0b0b0c:0|||10|1|0|0
N|49|48|3|TEXT|1.21.1|594|751|30|18|9a9da1:1|||0|1|0|0
T|49|L|T|"1.21.1"|0,6,Medium,14,0,0,9a9da1:1,O
N|50|48|3|TEXT|FABRIC|731|755|37|11|626569:1|||0|1|0|0
T|50|L|T|"FABRIC"|0,6,Medium,9,1.17,0,626569:1,O
N|51|0|1|TEXT|Play|180|24|28|18|edeeef:1|||0|1|0|0
T|51|L|T|"Play"|0,4,Light,14,0.07,0,edeeef:1,O
N|52|0|1|TEXT|Mods|252|24|34|18|626569:1|||0|1|0|0
T|52|L|T|"Mods"|0,4,Light,14,0.07,0,626569:1,O
N|53|0|1|TEXT|Cosmetics|320|24|64|18|626569:1|||0|1|0|0
T|53|L|T|"Cosmetics"|0,9,Light,14,0.07,0,626569:1,O
N|54|0|1|TEXT|Servers|418|24|47|18|626569:1|||0|1|0|0
T|54|L|T|"Servers"|0,7,Light,14,0.07,0,626569:1,O
N|55|0|1|TEXT|Friends|499|24|47|18|626569:1|||0|1|0|0
T|55|L|T|"Friends"|0,7,Light,14,0.07,0,626569:1,O
N|56|0|1|FRAME|dropdown / profile|1420|59|148|192|191a1c:1|ffffff:0.13|1:I|16|0|1|0
N|57|56|2|TEXT|SEARGE  ·  LV 42|1436|71|85|11|626569:1|||0|1|0|0
T|57|L|T|"SEARGE  ·  LV 42"|0,16,Medium,9,1.26,0,626569:1,O
N|58|56|2|FRAME|row / Account|1428|93|132|36|0b0b0c:0|||10|1|0|0
N|59|58|3|TEXT|Account|1466|102|51|18|9a9da1:1|||0|1|0|0
T|59|L|T|"Account"|0,7,Medium,14,0,0,9a9da1:1,O
N|60|56|2|RECTANGLE|hover / profile|1428|131|132|36|ffffff:0.06|||10|0|0|0
N|61|56|2|FRAME|row / Cosmetics|1428|131|132|36|0b0b0c:0|||10|1|0|0
N|62|61|3|TEXT|Cosmetics|1466|140|65|18|9a9da1:1|||0|1|0|0
T|62|L|T|"Cosmetics"|0,9,Medium,14,0,0,9a9da1:1,O
N|63|56|2|FRAME|row / Settings|1428|169|132|36|0b0b0c:0|||10|1|0|0
N|64|63|3|TEXT|Settings|1466|178|50|18|9a9da1:1|||0|1|0|0
T|64|L|T|"Settings"|0,8,Medium,14,0,0,9a9da1:1,O
N|65|56|2|FRAME|row / Sign out|1428|207|132|36|0b0b0c:0|||10|1|0|0
N|66|65|3|TEXT|Sign out|1466|216|51|18|626569:1|||0|1|0|0
T|66|L|T|"Sign out"|0,8,Medium,14,0,0,626569:1,O
N|67|0|1|FRAME|launch button|702|816|214|60||||0|1|0|0
N|68|67|2|RECTANGLE|hover / launch|702|816|214|60|ffffff:1|||16|0|0|0
N|69|67|2|VECTOR|play arrow|732|837|15|18|0b0b0c:1|||3|1|0|0
V|69|<svg width="13" height="14" viewBox="0 0 13 14" fill="none" xmlns="http://www.w3.org/2000/svg"> <path d="M0 3.00463C0 0.672742 2.54391 -0.767597 4.54349 0.432147L10.7125 4.13358C12.6546 5.29879 12.6546 8.11332 10.7125 9.27853L4.54349 12.98C2.54391 14.1797 0 12.7394 0 10.4075V3.00463Z" fill="#0B0B0C"/> </svg> 
N|70|67|2|TEXT|Launch|760|835.5|55|21|0b0b0c:1|||0|1|0|0
T|70|L|T|"Launch"|0,6,Medium,17,0,0,0b0b0c:1,O
N|71|67|2|RECTANGLE|kc|1352|22|48|20|ffffff:0.06|ffffff:0.1|1:I|6|1|0|0
N|72|67|2|TEXT|ENTER|857.5|841|29|10|0b0b0c:0.55|||0|1|0|0
T|72|L|T|"ENTER"|0,5,Medium,8,0.96,0,0b0b0c:0.55,O
N|73|0|1|FRAME|profile button|1420|11|148|42||||0|1|0|0
N|74|73|2|RECTANGLE|hover / profile btn|1420|11|148|42|ffffff:0.05|||12|0|0|0
N|75|73|2|TEXT|Searge|1466|17|43|17|edeeef:1|||0|1|0|0
T|75|L|T|"Searge"|0,6,Medium,13.5,0,0,edeeef:1,O
N|76|73|2|TEXT|LV 42|1467|36|26|11|626569:1|||0|1|0|0
T|76|L|T|"LV 42"|0,5,Medium,8.5,1.11,0,626569:1,O
N|77|0|1|VECTOR|cursor|760|846|13|19|edeeef:1|0b0b0c:0.9|1.5:C|0|1|0|0
V|77|<svg width="15" height="21" viewBox="0 0 15 21" fill="none" xmlns="http://www.w3.org/2000/svg"> <path d="M0.75 0.75V17.75L5.15 13.75L7.95 19.75L11.15 18.25L8.35 12.45L13.75 12.25L0.75 0.75Z" fill="#EDEEEF" stroke="#0B0B0C" stroke-opacity="0.9" stroke-width="1.5" stroke-linejoin="round"/> </svg> 
C|0|4|4|1.2|edeeef|40,20,0.92;44,20,0.92;48,20,0.92;36,24,0.92;52,24,0.92;32,28,0.92;56,28,0.92;32,32,0.92;56,32,0.92;32,36,0.92;56,36,0.92;36,40,0.92;52,40,0.92;40,44,0.92;44,44,0.92;48,44,0.92
C|0|10|10|3|edeeef|48,180,0.02;48,768,0.02;76,460,0.02;76,684,0.02;104,96,0.02;104,208,0.02;104,628,0.02;104,740,0.02;132,152,0.02;132,628,0.02;132,768,0.02;160,432,0.02;160,628,0.02;188,96,0.03;188,656,0.03;216,768,0.03;272,292,0.03;272,376,0.03;272,824,0.03;300,180,0.03;300,264,0.03;300,320,0.03;300,544,0.03;328,376,0.03;328,712,0.03;328,740,0.03;356,348,0.03;356,376,0.03;356,432,0.03;356,544,0.03;384,292,0.03;440,348,0.03;440,656,0.03;440,768,0.03;440,796,0.03;468,124,0.04;468,740,0.04;496,376,0.04;496,684,0.04;496,768,0.04;524,96,0.04;524,320,0.04;524,348,0.04;524,432,0.04;524,460,0.04;524,572,0.04;524,600,0.04;524,740,0.04;552,124,0.04;552,432,0.04;552,628,0.04;552,712,0.04;552,768,0.04;462,824,0.04;580,96,0.04;580,264,0.04;580,348,0.04;580,460,0.04;580,488,0.04;580,600,0.04;580,684,0.04;608,236,0.04;608,460,0.04;608,516,0.04;608,684,0.04;636,96,0.04;636,124,0.04;636,152,0.04;636,180,0.04;636,292,0.04;636,460,0.04;664,320,0.04;664,348,0.04;664,404,0.04;664,488,0.04;664,516,0.04;664,656,0.04;664,712,0.04;574,824,0.04;692,124,0.04;692,180,0.04;692,208,0.04;692,432,0.04;692,572,0.04;692,656,0.04;692,684,0.04;692,740,0.04;720,124,0.04;720,320,0.04;720,488,0.04;720,516,0.04;720,628,0.04;720,740,0.04;748,96,0.05;748,208,0.05;748,236,0.05;748,376,0.05;748,404,0.05;776,152,0.05;776,264,0.05;776,348,0.05;776,404,0.05;776,600,0.05;686,824,0.05;804,180,0.05;804,236,0.05;804,264,0.05;804,376,0.05;804,432,0.05;804,488,0.05;804,544,0.05;804,572,0.05;804,628,0.05;804,684,0.05;804,712,0.05;804,740,0.05;832,124,0.05;832,292,0.05;832,320,0.05;832,376,0.05;832,516,0.05;832,544,0.05;832,572,0.05;832,628,0.05;832,684,0.05;832,712,0.05;832,768,0.05;832,796,0.05;860,124,0.05;860,180,0.05;860,208,0.05;860,236,0.05;860,376,0.05;860,432,0.05;860,488,0.05;860,572,0.05;860,656,0.05;860,712,0.05;888,124,0.05;888,208,0.05;888,292,0.05;888,348,0.05;888,404,0.05;888,460,0.05;888,488,0.05;888,516,0.05;888,628,0.05;888,656,0.05;888,684,0.05;916,180,0.05;916,320,0.05;916,432,0.05;916,460,0.05;916,544,0.05;916,712,0.05;916,796,0.05;944,124,0.05;944,180,0.05;944,264,0.05;944,292,0.05;944,320,0.05;944,376,0.05;944,516,0.05;944,544,0.05;944,600,0.05;944,628,0.05;944,656,0.05;944,740,0.05;972,152,0.05;972,208,0.05;972,264,0.05;972,292,0.05;972,320,0.05;972,348,0.05;972,376,0.05;972,404,0.05;972,432,0.05;972,460,0.05;972,516,0.05;972,712,0.05;972,796,0.05;1000,96,0.06;1000,124,0.06;1000,208,0.06;1000,236,0.06;1000,264,0.06;1000,292,0.06;1000,320,0.06;1000,376,0.06;1000,432,0.06;1000,516,0.06;1000,544,0.06;1000,572,0.06;1000,628,0.06;1000,656,0.06;1000,684,0.06;1000,740,0.06;1028,96,0.06;1028,180,0.06;1028,208,0.06;1028,236,0.06;1028,292,0.06;1028,320,0.06;1028,348,0.06;1028,376,0.06;1028,404,0.06;1028,432,0.06;1028,488,0.06;1028,544,0.06;1028,600,0.06;1028,628,0.06;1028,656,0.06;1028,712,0.06;938,824,0.06;1056,96,0.06;1056,180,0.06;1056,208,0.06;1056,292,0.06;1056,348,0.06;1056,404,0.06;1056,488,0.06;1056,516,0.06;1056,572,0.06;1056,684,0.06;1056,768,0.06;966,824,0.06;1084,96,0.06;1084,152,0.06;1084,180,0.06;1084,236,0.06;1084,264,0.06;1084,320,0.06;1084,432,0.06;1084,544,0.06;1084,572,0.06;1084,656,0.06;1084,684,0.06;1084,712,0.06;1112,208,0.06;1112,236,0.06;1112,460,0.06;1112,544,0.06;1112,628,0.06;1112,712,0.06;1112,768,0.06;1022,824,0.06;1140,96,0.06;1140,152,0.06;1140,208,0.06;1140,236,0.06;1140,292,0.06;1140,432,0.06;1140,516,0.06;1140,544,0.06;1140,600,0.06;1140,628,0.06;1140,740,0.06;1140,768,0.06;1140,796,0.06;1050,824,0.06;1168,124,0.06;1168,208,0.06;1168,348,0.06;1168,376,0.06;1168,432,0.06;1168,460,0.06;1168,516,0.06;1168,544,0.06;1168,572,0.06;1168,600,0.06;1168,656,0.06;1168,712,0.06;1168,768,0.06;1168,796,0.06;1196,152,0.06;1196,208,0.06;1196,236,0.06;1196,264,0.06;1196,292,0.06;1196,320,0.06;1196,348,0.06;1196,376,0.06;1196,404,0.06;1196,432,0.06;1196,516,0.06;1196,544,0.06;1196,572,0.06;1196,656,0.06;1196,684,0.06;1196,740,0.06;1196,768,0.06;1106,824,0.06;1224,96,0.06;1224,152,0.06;1224,180,0.06;1224,208,0.06;1224,236,0.06;1224,264,0.06;1224,292,0.06;1224,320,0.06;1224,348,0.06;1224,404,0.06;1224,432,0.06;1224,460,0.06;1224,488,0.06;1224,544,0.06;1224,656,0.06;1224,684,0.06;1224,740,0.06;1224,768,0.06;1224,796,0.06;1134,824,0.06;1252,96,0.06;1252,124,0.06;1252,152,0.06;1252,264,0.06;1252,292,0.06;1252,320,0.06;1252,376,0.06;1252,432,0.06;1252,600,0.06;1252,628,0.06;1252,656,0.06;1252,712,0.06;1252,740,0.06;1252,796,0.06;1162,824,0.06;1280,96,0.07;1280,124,0.07;1280,180,0.07;1280,208,0.07;1280,236,0.07;1280,292,0.07;1280,348,0.07;1280,404,0.07;1280,432,0.07;1280,460,0.07;1280,488,0.07;1280,544,0.07;1280,600,0.07;1280,628,0.07;1280,656,0.07;1280,712,0.07;1280,740,0.07;1280,768,0.07;1280,796,0.07;1308,124,0.07;1308,152,0.07;1308,180,0.07;1308,208,0.07;1308,236,0.07;1308,264,0.07;1308,292,0.07;1308,320,0.07;1308,348,0.07;1308,376,0.07;1308,460,0.07;1308,488,0.07;1308,516,0.07;1308,572,0.07;1308,600,0.07;1308,656,0.07;1308,684,0.07;1308,796,0.07;1336,124,0.07;1336,152,0.07;1336,180,0.07;1336,264,0.07;1336,292,0.07;1336,320,0.07;1336,348,0.07;1336,376,0.07;1336,404,0.07;1336,432,0.07;1336,460,0.07;1336,488,0.07;1336,544,0.07;1336,572,0.07;1336,628,0.07;1336,656,0.07;1336,684,0.07;1336,740,0.07;1336,768,0.07;1246,824,0.07;1364,124,0.07;1364,180,0.07;1364,208,0.07;1364,236,0.07;1364,264,0.07;1364,292,0.07;1364,320,0.07;1364,376,0.07;1364,404,0.07;1364,432,0.07;1364,460,0.07;1364,488,0.07;1364,516,0.07;1364,572,0.07;1364,628,0.07;1364,684,0.07;1364,712,0.07;1364,740,0.07;1364,796,0.07;1274,824,0.07;1392,96,0.07;1392,152,0.07;1392,180,0.07;1392,208,0.07;1392,236,0.07;1392,292,0.07;1392,320,0.07;1392,348,0.07;1392,376,0.07;1392,404,0.07;1392,432,0.07;1392,460,0.07;1392,488,0.07;1392,516,0.07;1392,544,0.07;1392,572,0.07;1392,600,0.07;1392,656,0.07;1392,684,0.07;1392,712,0.07;1392,768,0.07;1302,824,0.07;1420,96,0.07;1420,124,0.07;1420,152,0.07;1420,208,0.07;1420,236,0.07;1420,292,0.07;1420,320,0.07;1420,348,0.07;1420,376,0.07;1420,404,0.07;1420,432,0.07;1420,460,0.07;1420,488,0.07;1420,544,0.07;1420,572,0.07;1420,600,0.07;1420,684,0.07;1420,712,0.07;1420,740,0.07;1420,768,0.07;1330,824,0.07;1448,96,0.07;1448,124,0.07;1448,152,0.07;1448,180,0.07;1448,208,0.07;1448,236,0.07;1448,264,0.07;1448,292,0.07;1448,320,0.07;1448,348,0.07;1448,376,0.07;1448,404,0.07;1448,432,0.07;1448,460,0.07;1448,488,0.07;1448,516,0.07;1448,544,0.07;1448,572,0.07;1448,600,0.07;1448,628,0.07;1448,656,0.07;1448,684,0.07;1448,712,0.07;1448,740,0.07;1448,768,0.07;1448,796,0.07;1358,824,0.07;1476,96,0.07;1476,152,0.07;1476,208,0.07;1476,236,0.07;1476,264,0.07;1476,292,0.07;1476,320,0.07;1476,348,0.07;1476,404,0.07;1476,432,0.07;1476,460,0.07;1476,488,0.07;1476,544,0.07;1476,572,0.07;1476,600,0.07;1476,628,0.07;1476,656,0.07;1476,684,0.07;1476,712,0.07;1476,740,0.07;1476,768,0.07;1476,796,0.07;1386,824,0.07;1504,96,0.07;1504,124,0.07;1504,152,0.07;1504,180,0.07;1504,208,0.07;1504,236,0.07;1504,264,0.07;1504,292,0.07;1504,320,0.07;1504,376,0.07;1504,432,0.07;1504,460,0.07;1504,488,0.07;1504,516,0.07;1504,544,0.07;1504,600,0.07;1504,628,0.07;1504,684,0.07;1504,712,0.07;1504,740,0.07;1504,768,0.07;1504,796,0.07;1414,824,0.07;1532,96,0.08;1532,124,0.08;1532,152,0.08;1532,180,0.08;1532,208,0.08;1532,236,0.08;1532,264,0.08;1532,292,0.08;1532,320,0.08;1532,348,0.08;1532,376,0.08;1532,404,0.08;1532,432,0.08;1532,460,0.08;1532,488,0.08;1532,516,0.08;1532,544,0.08;1532,572,0.08;1532,600,0.08;1532,628,0.08;1532,656,0.08;1532,684,0.08;1532,712,0.08;1532,740,0.08;1532,768,0.08;1532,796,0.08;1442,824,0.08
C|0|44|44|13.2|edeeef|1138,240,0.05;1182,240,0.05;1226,240,0.05;1094,284,0.05;1270,284,0.05;1050,328,0.05;1314,328,0.05;1050,372,0.05;1314,372,0.05;1050,416,0.05;1314,416,0.05;1094,460,0.05;1270,460,0.05;1138,504,0.05;1182,504,0.05;1226,504,0.05
C|0|8|8|2.4|3dd68c|80,123,0.95;1080,842,0.95
C|0|5|5|1.5|edeeef|558,826,0.12;558,838,0.12;558,850,0.12;558,862,0.12;950,826,0.12;950,838,0.12;950,850,0.12;950,862,0.12
C|0|12|12|3.6|edeeef|989,840,0.26;1015,840,0.21;1041,840,0.16
C|0|3|3|1|626569|1180,836,1;1183,836,1;1186,836,1;1177,839,1;1189,839,1;1174,842,1;1177,842,1;1189,842,1;1192,842,1;1174,845,1;1183,845,1;1192,845,1;1174,848,1;1177,848,1;1189,848,1;1192,848,1;1177,851,1;1189,851,1;1180,854,1;1183,854,1;1186,854,1
C|22|3|3|1|626569|518,850,1;530,850,1;521,853,1;527,853,1;524,856,1
C|23|3|3|1|626569|654,850,1;666,850,1;657,853,1;663,853,1;660,856,1
C|26|7|7|2.1|9f8bff|563,643,0.95
C|41|7|7|2.1|9f8bff|710,681,0.95
C|0|58|30|9|ffffff|165,18,0.08
C|0|56|22|7|0b0b0c|844,835,0.13
C|58|2.6|2.6|1|626569|1445.2,101.9,1;1447.8,101.9,1;1450.4,101.9,1;1442.6,104.5,1;1453,104.5,1;1442.6,107.1,1;1453,107.1,1;1445.2,109.7,1;1447.8,109.7,1;1450.4,109.7,1;1442.6,112.3,1;1445.2,112.3,1;1447.8,112.3,1;1450.4,112.3,1;1453,112.3,1;1440,114.9,1;1455.6,114.9,1;1440,117.5,1;1455.6,117.5,1
C|61|2.6|2.6|1|626569|1445.2,142.5,1;1447.8,142.5,1;1450.4,142.5,1;1442.6,145.1,1;1445.2,145.1,1;1447.8,145.1,1;1450.4,145.1,1;1453,145.1,1;1440,147.7,1;1442.6,147.7,1;1445.2,147.7,1;1447.8,147.7,1;1450.4,147.7,1;1453,147.7,1;1455.6,147.7,1;1442.6,150.3,1;1445.2,150.3,1;1447.8,150.3,1;1450.4,150.3,1;1453,150.3,1;1445.2,152.9,1;1447.8,152.9,1;1450.4,152.9,1
C|63|2.6|2.6|1|626569|1445.2,177.9,1;1447.8,177.9,1;1450.4,177.9,1;1442.6,180.5,1;1453,180.5,1;1440,183.1,1;1442.6,183.1,1;1453,183.1,1;1455.6,183.1,1;1440,185.7,1;1447.8,185.7,1;1455.6,185.7,1;1440,188.3,1;1442.6,188.3,1;1453,188.3,1;1455.6,188.3,1;1442.6,190.9,1;1453,190.9,1;1445.2,193.5,1;1447.8,193.5,1;1450.4,193.5,1
C|65|2.6|2.6|1|626569|1440,218.5,1;1442.6,218.5,1;1445.2,218.5,1;1447.8,218.5,1;1450.4,218.5,1;1440,221.1,1;1453,221.1,1;1440,223.7,1;1455.6,223.7,1;1440,226.3,1;1453,226.3,1;1440,228.9,1;1442.6,228.9,1;1445.2,228.9,1;1447.8,228.9,1;1450.4,228.9,1
C|67|214|60|16|edeeef|702,816,1
C|73|148|42|12|ffffff|1420,11,0.05
C|73|32|32|10|212225|1425,16,1
C|73|3|3|1|edeeef|1436,21,0.5;1439,21,0.5;1442,21,0.5;1433,24,0.5;1445,24,0.5;1433,27,0.5;1445,27,0.5;1436,30,0.5;1439,30,0.5;1442,30,0.5;1433,33,0.5;1436,33,0.5;1439,33,0.5;1442,33,0.5;1445,33,0.5;1430,36,0.5;1448,36,0.5;1430,39,0.5;1448,39,0.5
